var mats = 
[
	{
	"name":"Block0",
	"matrixStates": { 
	"state0": [1, 0, 0, -45, 0, 1, 0, -45, 0, 0, 1, 75, 0, 0, 0, 1],
"state1": [-1, 0, 0, 24.3310501212, 0, -1, 0, 0, 0, 0, 1, -72.0, 0, 0, 0, 1],
"state2": [-1, 0, 0, 39.3437096674, 0, -1, 0, 0, 0, 0, 1, -72.0, 0, 0, 0, 1],
"state3": [0.1832242296, 0.314062325, 0.9315544738, -16.4654020577, 0.0606105793, -0.9494023678, 0.3081582412, -18.1127238855, 0.9812009169, 0, -0.1929890169, -56.79225008, 0, 0, 0, 1]
	}
},
{
	"name":"Block1",
	"matrixStates": { 
	"state0": [1, 0, 0, -45, 0, 1, 0, -30, 0, 0, 1, 75, 0, 0, 0, 1],
"state1": [-0.7071067751, -0.7071067873, 0, 17.204650385, -0.7071067873, 0.7071067751, 0, 17.2046506832, 0, 0, -1.0, -72, 0, 0, 0, 1],
"state2": [-0.9396926268, -0.3420201268, 0, 36.9709938852, -0.3420201268, 0.9396926268, 0, 13.45634057, 0, 0, -1, -72, 0, 0, 0, 1],
"state3": [0.2449318621, -0.9584453835, 0.146256042, 188.4935593071, -0.822900417, -0.2852760889, -0.49137812, -4.5031042055, 0.5126824423, 0, -0.8585783094, 54.2459735291, 0, 0, 0, 1]
	}
},
{
	"name":"Block2",
	"matrixStates": { 
	"state0": [1, 0, 0, -45, 0, 1, 0, -15, 0, 0, 1, 75, 0, 0, 0, 1],
"state1": [0, -1, 0, 0, -1, 0, 0, 24.3310501212, 0, 0, -1, -72, 0, 0, 0, 1],
"state2": [-0.7660444814, -0.6427875641, 0, 30.1390316672, -0.6427875641, 0.7660444814, 0, 25.2896473, 0, 0, -1.0, -72, 0, 0, 0, 1],
"state3": [0.1071204402, 0.9476287989, -0.3008735129, -195.2647343369, -0.3178419661, 0.3193738553, 0.8927355852, 0.8995208795, 0.9420730841, 0, 0.3354076686, 53.9333404312, 0, 0, 0, 1]
	}
},
{
	"name":"Block3",
	"matrixStates": { 
	"state0": [1, 0, 0, -45, 0, 1, 0, 0, 0, 0, 1, 75, 0, 0, 0, 1],
"state1": [0.7071067873, -0.7071067751, 0, -17.2046506832, -0.7071067751, -0.7071067873, 0, 17.204650385, 0, 0, -1, -72, 0, 0, 0, 1],
"state2": [-0.4999999957, -0.8660254063, 0, 19.671854664, -0.8660254063, 0.4999999957, 0, 34.0726521491, 0, 0, -1, -72, 0, 0, 0, 1],
"state3": [0.3974160858, 0.8753419476, 0.2753850567, 71.1222249779, 0.7194867161, -0.4835043689, 0.4985603179, 37.5023821427, 0.5695606377, 0, -0.8219493172, 14.0282573639, 0, 0, 0, 1]
	}
},
{
	"name":"Block4",
	"matrixStates": { 
	"state0": [1, 0, 0, -45, 0, 1, 0, 15, 0, 0, 1, 75, 0, 0, 0, 1],
"state1": [1, 0, 0, -24.3310501212, 0, -1, 0, 0, 0, 0, -1, -72.0, 0, 0, 0, 1],
"state2": [-0.173648146, -0.9848077586, 0, 6.8319622402, -0.9848077586, 0.173648146, 0, 38.7459905325, 0, 0, -1, -72, 0, 0, 0, 1],
"state3": [-0.9242932276, 0.1684872265, 0.3424822388, -82.1330038633, -0.1579902569, -0.9857038371, 0.0585407912, -20.1450662772, 0.3474494325, 0, 0.9376987213, 23.9322402132, 0, 0, 0, 1]
	}
},
{
	"name":"Block5",
	"matrixStates": { 
	"state0": [1, 0, 0, -45, 0, 1, 0, 30, 0, 0, 1, 75, 0, 0, 0, 1],
"state1": [0.7071067751, -0.7071067873, 0, -17.204650385, 0.7071067873, 0.7071067751, 0, -17.2046506832, 0, 0, 1, -72, 0, 0, 0, 1],
"state2": [0.173648151, -0.9848077577, 0, -6.8319624375, -0.9848077577, -0.173648151, 0, 38.7459904977, 0, 0, -1, -72, 0, 0, 0, 1],
"state3": [0.2224158035, -0.2670662906, -0.9376602832, -2.17317344, 0.0616385906, 0.9636781602, -0.259855898, 70.1070406389, 0.9730014874, 0, 0.2307988421, -9.9945756711, 0, 0, 0, 1]
	}
},
{
	"name":"Block6",
	"matrixStates": { 
	"state0": [1, 0, 0, -45, 0, 1, 0, 45, 0, 0, 1, 75, 0, 0, 0, 1],
"state1": [0, -1, 0, 0, 1, 0, 0, -24.3310501212, 0, 0, 1, -72.0, 0, 0, 0, 1],
"state2": [0.4999999952, -0.8660254066, 0, -19.671854645, -0.8660254066, -0.4999999952, 0, 34.0726521601, 0, 0, -1, -72, 0, 0, 0, 1],
"state3": [-0.6095265368, 0.7391725598, 0.2865332925, 123.9818081927, -0.668945101, -0.6735160925, 0.3144654592, 4.9895771083, 0.4254290219, 0, 0.9049917941, 37.0542482795, 0, 0, 0, 1]
	}
},
{
	"name":"Block7",
	"matrixStates": { 
	"state0": [1, 0, 0, -30, 0, 1, 0, -45, 0, 0, 1, 75, 0, 0, 0, 1],
"state1": [-0.7071067873, -0.7071067751, 0, 17.2046506832, 0.7071067751, -0.7071067873, 0, -17.204650385, 0, 0, 1, -72, 0, 0, 0, 1],
"state2": [0.7660444453, -0.6427876071, 0, -30.1390302477, -0.6427876071, -0.7660444453, 0, 25.2896489917, 0, 0, -1, -72, 0, 0, 0, 1],
"state3": [0.8199684217, -0.0149710675, 0.5722129452, 41.9532657787, -0.0122771785, -0.9998879273, -0.0085675988, -29.6637877123, 0.5722770818, 0, -0.820060328, 3.1171562792, 0, 0, 0, 1]
	}
},
{
	"name":"Block8",
	"matrixStates": { 
	"state0": [1, 0, 0, -30, 0, 1, 0, -30, 0, 0, 1, 75, 0, 0, 0, 1],
"state1": [-1, 0, 0, 46.6476151588, 0, -1, 0, 0, 0, 0, 1, -60, 0, 0, 0, 1],
"state2": [0.9396926254, -0.3420201307, 0, -36.9709938299, -0.3420201307, -0.9396926254, 0, 13.456340722, 0, 0, -1, -72, 0, 0, 0, 1],
"state3": [-0.2164496869, 0.9378348492, 0.2713214488, -106.1437134906, -0.5848593703, -0.3470818283, 0.7331259929, 52.2827233598, 0.7817218495, 0, 0.6236272524, 33.0201151097, 0, 0, 0, 1]
	}
},
{
	"name":"Block9",
	"matrixStates": { 
	"state0": [1, 0, 0, -30, 0, 1, 0, -15, 0, 0, 1, 75, 0, 0, 0, 1],
"state1": [-0.9135454697, -0.406736616, 0, 42.6147174997, -0.406736616, 0.9135454697, 0, 18.9732931358, 0, 0, -1, -60.0, 0, 0, 0, 1],
"state2": [1, 0, 0, -39.3437096674, 0, -1, 0, 0, 0, 0, -1, -72, 0, 0, 0, 1],
"state3": [0.1964969759, -0.9767660741, 0.0855393175, -6.3575482684, -0.8955864185, -0.2143082742, -0.3898678373, -73.3653837445, 0.3991414604, 0, -0.9168893579, -14.7018221624, 0, 0, 0, 1]
	}
},
{
	"name":"Block10",
	"matrixStates": { 
	"state0": [1, 0, 0, -30, 0, 1, 0, 0, 0, 0, 1, 75, 0, 0, 0, 1],
"state1": [-0.6691306034, -0.7431448282, 0, 31.2133468778, -0.7431448282, 0.6691306034, 0, 34.6659339509, 0, 0, -1.0, -60, 0, 0, 0, 1],
"state2": [0.9396926268, -0.3420201268, 0, -36.9709938852, 0.3420201268, 0.9396926268, 0, -13.45634057, 0, 0, 1, -72, 0, 0, 0, 1],
"state3": [0.1241348234, 0.1573649419, 0.9797075179, 14.9945250915, 0.0197809294, -0.9875405182, 0.1561167504, 17.284306122, 0.9920681733, 0, -0.1257009926, -15.5141796121, 0, 0, 0, 1]
	}
},
{
	"name":"Block11",
	"matrixStates": { 
	"state0": [1, 0, 0, -30, 0, 1, 0, 15, 0, 0, 1, 75, 0, 0, 0, 1],
"state1": [-0.3090169582, -0.9510565281, 0, 14.4149041431, -0.9510565281, 0.3090169582, 0, 44.3645189149, 0, 0, -1, -60.0, 0, 0, 0, 1],
"state2": [0.7660444814, -0.6427875641, 0, -30.1390316672, 0.6427875641, 0.7660444814, 0, -25.2896473, 0, 0, 1, -72, 0, 0, 0, 1],
"state3": [-0.0858243569, 0.4388891802, -0.8944330424, -141.8677626888, 0.0419205949, 0.8985411997, 0.4368825657, -5.4894670733, 0.99542797, 0, -0.0955152161, 42.6906095747, 0, 0, 0, 1]
	}
},
{
	"name":"Block12",
	"matrixStates": { 
	"state0": [1, 0, 0, -30, 0, 1, 0, 30, 0, 0, 1, 75, 0, 0, 0, 1],
"state1": [0.1045284613, -0.9945218956, 0, -4.8760034351, -0.9945218956, -0.1045284613, 0, 46.3920746518, 0, 0, -1, -60, 0, 0, 0, 1],
"state2": [0.4999999957, -0.8660254063, 0, -19.671854664, 0.8660254063, 0.4999999957, 0, -34.0726521491, 0, 0, 1, -72, 0, 0, 0, 1],
"state3": [-0.6783475103, 0.6885153455, -0.2564980982, -183.2851100289, 0.6440135807, 0.7252217723, 0.243515685, 36.5923287978, 0.3536822914, 0, -0.9353656166, 49.5940522945, 0, 0, 0, 1]
	}
},
{
	"name":"Block13",
	"matrixStates": { 
	"state0": [1, 0, 0, -30, 0, 1, 0, 45, 0, 0, 1, 75, 0, 0, 0, 1],
"state1": [0.4999999952, -0.8660254066, 0, -23.3238073556, -0.8660254066, -0.4999999952, 0, 40.3980198826, 0, 0, -1, -60.0, 0, 0, 0, 1],
"state2": [0.173648146, -0.9848077586, 0, -6.8319622402, 0.9848077586, 0.173648146, 0, -38.7459905325, 0, 0, 1, -72, 0, 0, 0, 1],
"state3": [-0.9185910793, 0.2121288905, 0.3334542889, 94.3520277359, -0.1993976589, -0.9772416967, 0.0723825934, -18.7864192684, 0.3412198743, 0, 0.9399835091, 27.7694188694, 0, 0, 0, 1]
	}
},
{
	"name":"Block14",
	"matrixStates": { 
	"state0": [1, 0, 0, -15, 0, 1, 0, -45, 0, 0, 1, 75, 0, 0, 0, 1],
"state1": [0.809016997, -0.5877852487, 0, -37.7387135316, -0.5877852487, -0.809016997, 0, 27.4187800783, 0, 0, -1, -60, 0, 0, 0, 1],
"state2": [-0.173648151, -0.9848077577, 0, 6.8319624375, 0.9848077577, -0.173648151, 0, -38.7459904977, 0, 0, 1, -72, 0, 0, 0, 1],
"state3": [0.3498726216, 0.8715676317, 0.3434516154, 139.5406329104, 0.6219723005, -0.4902752935, 0.610557609, 43.4769866762, 0.7005280908, 0, -0.7136248272, 38.1111853423, 0, 0, 0, 1]
	}
},
{
	"name":"Block15",
	"matrixStates": { 
	"state0": [1, 0, 0, -15, 0, 1, 0, -30, 0, 0, 1, 75, 0, 0, 0, 1],
"state1": [0.9781476015, -0.2079116871, 0, -45.6282528847, -0.2079116871, -0.9781476015, 0, 9.6985843651, 0, 0, -1, -60.0, 0, 0, 0, 1],
"state2": [-0.4999999952, -0.8660254066, 0, 19.671854645, 0.8660254066, -0.4999999952, 0, -34.0726521601, 0, 0, 1, -72, 0, 0, 0, 1],
"state3": [0.8918065922, -0.3518996793, -0.2843371551, -0.0470601734, 0.3352711613, 0.9360377213, -0.1068954289, -28.6081618741, 0.3037667699, 0, 0.9527464246, -8.3349896882, 0, 0, 0, 1]
	}
},
{
	"name":"Block16",
	"matrixStates": { 
	"state0": [1, 0, 0, -15, 0, 1, 0, -15, 0, 0, 1, 75, 0, 0, 0, 1],
"state1": [0.9781476007, -0.2079116911, 0, -45.6282528452, 0.2079116911, 0.9781476007, 0, -9.6985845512, 0, 0, 1, -60.0, 0, 0, 0, 1],
"state2": [-0.7660444453, -0.6427876071, 0, 30.1390302477, 0.6427876071, -0.7660444453, 0, -25.2896489917, 0, 0, 1, -72.0, 0, 0, 0, 1],
"state3": [-0.7398014744, 0.0537763098, 0.6706727123, -35.2569485392, -0.0398414436, -0.9985530074, 0.0361185669, -2.449456933, 0.671644577, 0, 0.7408735129, 3.199328824, 0, 0, 0, 1]
	}
},
{
	"name":"Block17",
	"matrixStates": { 
	"state0": [1, 0, 0, -15, 0, 1, 0, 0, 0, 0, 1, 75, 0, 0, 0, 1],
"state1": [0.8090169933, -0.5877852537, 0, -37.7387133624, 0.5877852537, 0.8090169933, 0, -27.4187803111, 0, 0, 1, -60.0, 0, 0, 0, 1],
"state2": [-0.9396926254, -0.3420201307, 0, 36.9709938299, 0.3420201307, -0.9396926254, 0, -13.456340722, 0, 0, 1, -72.0, 0, 0, 0, 1],
"state3": [0.6800892154, -0.6732444405, -0.2902078263, 51.0392135715, 0.6192235655, 0.7394199912, -0.2642352221, 2.6068080373, 0.3924803626, 0, 0.9197603845, 10.5277653747, 0, 0, 0, 1]
	}
},
{
	"name":"Block18",
	"matrixStates": { 
	"state0": [1, 0, 0, -15, 0, 1, 0, 15, 0, 0, 1, 75, 0, 0, 0, 1],
"state1": [0.4999999957, -0.8660254063, 0, -23.3238073781, 0.8660254063, 0.4999999957, 0, -40.3980198696, 0, 0, 1, -60.0, 0, 0, 0, 1],
"state2": [-1, 0, 0, 39.0671972106, 0, -1, 0, 0, 0, 0, 1, -60, 0, 0, 0, 1],
"state3": [0.7240832302, 0.1465689995, 0.6739592007, 31.5800304919, 0.1072868039, -0.989200449, 0.0998599686, -63.0109626582, 0.6813171196, 0, -0.7319883759, -15.9048328123, 0, 0, 0, 1]
	}
},
{
	"name":"Block19",
	"matrixStates": { 
	"state0": [1, 0, 0, -15, 0, 1, 0, 30, 0, 0, 1, 75, 0, 0, 0, 1],
"state1": [0.104528459, -0.9945218958, 0, -4.8760033297, 0.9945218958, 0.104528459, 0, -46.3920746629, 0, 0, 1, -60.0, 0, 0, 0, 1],
"state2": [-0.9396926268, -0.3420201268, 0, 36.7111571683, 0.3420201268, -0.9396926268, 0, -13.3617677444, 0, 0, 1, -60, 0, 0, 0, 1],
"state3": [-0.3710810527, -0.7016613103, 0.6082518047, 16.8195547992, 0.3654306402, -0.7125106355, -0.5989900179, -19.3999167784, 0.8536740007, 0, 0.5208077385, -57.5565942515, 0, 0, 0, 1]
	}
},
{
	"name":"Block20",
	"matrixStates": { 
	"state0": [1, 0, 0, -15, 0, 1, 0, 45, 0, 0, 1, 75, 0, 0, 0, 1],
"state1": [-0.3090169866, -0.9510565188, 0, 14.4149054697, 0.9510565188, -0.3090169866, 0, -44.3645184838, 0, 0, 1, -60.0, 0, 0, 0, 1],
"state2": [-0.7660444814, -0.6427875641, 0, 29.9272108256, 0.6427875641, -0.7660444814, 0, -25.1119085314, 0, 0, 1, -60, 0, 0, 0, 1],
"state3": [0.7013782957, 0.6470032429, -0.2990907721, 105.7942256073, -0.595149667, 0.7624872482, 0.2537913912, 40.7525875093, 0.3922567529, 0, 0.9198557712, 37.5390096224, 0, 0, 0, 1]
	}
},
{
	"name":"Block21",
	"matrixStates": { 
	"state0": [1, 0, 0, 0, 0, 1, 0, -45, 0, 0, 1, 75, 0, 0, 0, 1],
"state1": [-0.6691305876, -0.7431448423, 0, 31.213346143, 0.7431448423, -0.6691305876, 0, -34.6659346125, 0, 0, 1.0, -60.0, 0, 0, 0, 1],
"state2": [-0.4999999957, -0.8660254063, 0, 19.5335984368, 0.8660254063, -0.4999999957, 0, -33.8331853364, 0, 0, 1, -60.0, 0, 0, 0, 1],
"state3": [-0.5554092566, 0.8205406816, 0.1350316539, 156.0882394621, -0.7973151757, -0.5715881296, 0.1938440629, -9.1960056313, 0.23623943, 0, 0.9716948758, 47.1090700417, 0, 0, 0, 1]
	}
},
{
	"name":"Block22",
	"matrixStates": { 
	"state0": [1, 0, 0, 0, 0, 1, 0, -30, 0, 0, 1, 75, 0, 0, 0, 1],
"state1": [-0.9135454592, -0.4067366395, 0, 42.6147170116, 0.4067366395, -0.9135454592, 0, -18.9732942321, 0, 0, 1, -60.0, 0, 0, 0, 1],
"state2": [-0.173648146, -0.9848077586, 0, 6.7839463647, 0.9848077586, -0.173648146, 0, -38.4736789197, 0, 0, 1, -60, 0, 0, 0, 1],
"state3": [0.3972031906, 0.8932427668, -0.2105872385, 205.0141640553, -0.789187919, 0.449574643, 0.4184077783, 36.6208006791, 0.4684144041, 0, 0.8835088828, 56.6061226839, 0, 0, 0, 1]
	}
},
{
	"name":"Block23",
	"matrixStates": { 
	"state0": [1, 0, 0, 0, 0, 1, 0, -15, 0, 0, 1, 75, 0, 0, 0, 1],
"state1": [-1, 0, 0, 58.9236794506, 0, -1, 0, 0, 0, 0, 1, -48.0, 0, 0, 0, 1],
"state2": [0.173648151, -0.9848077577, 0, -6.7839465607, 0.9848077577, 0.173648151, 0, -38.4736788851, 0, 0, 1, -60.0, 0, 0, 0, 1],
"state3": [-0.4591715341, 0.7918868172, -0.4025875942, -16.5251168744, 0.5954331187, 0.6106678874, 0.5220575949, 36.5206196096, 0.6592578429, 0, -0.7519169479, -9.6270455868, 0, 0, 0, 1]
	}
},
{
	"name":"Block24",
	"matrixStates": { 
	"state0": [1, 0, 0, 0, 0, 1, 0, 0, 0, 0, 1, 75, 0, 0, 0, 1],
"state1": [-0.945817242, -0.3246994684, 0, 55.7310319849, -0.3246994684, 0.945817242, 0, 19.1324873945, 0, 0, -1, -48.0, 0, 0, 0, 1],
"state2": [0.4999999952, -0.8660254066, 0, -19.5335984179, 0.8660254066, 0.4999999952, 0, -33.8331853472, 0, 0, 1, -60, 0, 0, 0, 1],
"state3": [0.9565807827, 0.1474290905, -0.2514316397, -29.3728787926, -0.1425859243, 0.9890726279, 0.0374778726, -56.4897232842, 0.2542094813, 0, 0.9671491817, -14.697617213, 0, 0, 0, 1]
	}
},
{
	"name":"Block25",
	"matrixStates": { 
	"state0": [1, 0, 0, 0, 0, 1, 0, 15, 0, 0, 1, 75, 0, 0, 0, 1],
"state1": [-0.7891405233, -0.6142126949, 0, 46.4990632341, -0.6142126949, 0.7891405233, 0, 36.1916719475, 0, 0, -1, -48, 0, 0, 0, 1],
"state2": [0.7660444453, -0.6427876071, 0, -29.9272094161, 0.6427876071, 0.7660444453, 0, -25.1119102113, 0, 0, 1, -60, 0, 0, 0, 1],
"state3": [-0.8615131965, -0.0388411841, -0.5062473453, -41.3998647828, -0.0334874624, 0.9992453965, -0.0196780955, -30.6768425419, 0.5066296498, 0, -0.8621637884, 2.8058792392, 0, 0, 0, 1]
	}
},
{
	"name":"Block26",
	"matrixStates": { 
	"state0": [1, 0, 0, 0, 0, 1, 0, 30, 0, 0, 1, 75, 0, 0, 0, 1],
"state1": [-0.5469481382, -0.8371664913, 0, 32.2281967735, -0.8371664913, 0.5469481382, 0, 49.3289299775, 0, 0, -1, -48, 0, 0, 0, 1],
"state2": [0.9396926254, -0.3420201307, 0, -36.7111571134, 0.3420201307, 0.9396926254, 0, -13.3617678954, 0, 0, 1, -60.0, 0, 0, 0, 1],
"state3": [-0.3516836683, 0.9301019258, 0.105967, -141.7569544394, -0.8905535046, -0.3673015215, 0.2683356998, 40.9588783882, 0.2885013915, 0, 0.9574794761, 42.5394515289, 0, 0, 0, 1]
	}
},
{
	"name":"Block27",
	"matrixStates": { 
	"state0": [1, 0, 0, 0, 0, 1, 0, 45, 0, 0, 1, 75, 0, 0, 0, 1],
"state1": [-0.2454854835, -0.9694002669, 0, 14.4649079421, -0.9694002669, 0.2454854835, 0, 57.1206305832, 0, 0, -1, -48, 0, 0, 0, 1],
"state2": [1, 0, 0, -39.0671972106, 0, 1, 0, 0, 0, 0, 1, -60, 0, 0, 0, 1],
"state3": [-0.5649488508, 0.6249659727, -0.5387488552, -13.207648814, 0.4522806725, 0.7806519922, 0.431305762, 11.3442174415, 0.6901267922, 0, -0.7236884763, -24.832691518, 0, 0, 0, 1]
	}
},
{
	"name":"Block28",
	"matrixStates": { 
	"state0": [1, 0, 0, 15, 0, 1, 0, -45, 0, 0, 1, 75, 0, 0, 0, 1],
"state1": [0.0825793071, -0.9965844962, 0, -4.8658766211, -0.9965844962, -0.0825793071, 0, 58.7224253987, 0, 0, -1, -48, 0, 0, 0, 1],
"state2": [0.9396926268, -0.3420201268, 0, -36.7111571683, -0.3420201268, -0.9396926268, 0, 13.3617677444, 0, 0, -1, -60.0, 0, 0, 0, 1],
"state3": [-0.6472809404, 0.3470540334, -0.6786610951, -111.3045727302, 0.2395293772, 0.9378451353, 0.251141752, 6.3047907974, 0.7236387646, 0, -0.6901789176, 31.6446687664, 0, 0, 0, 1]
	}
},
{
	"name":"Block29",
	"matrixStates": { 
	"state0": [1, 0, 0, 15, 0, 1, 0, -30, 0, 0, 1, 75, 0, 0, 0, 1],
"state1": [0.401695394, -0.9157733401, 0, -23.6693706301, -0.9157733401, -0.401695394, 0, 53.9607347427, 0, 0, -1, -48, 0, 0, 0, 1],
"state2": [0.7660444814, -0.6427875641, 0, -29.9272108256, -0.6427875641, -0.7660444814, 0, 25.1119085314, 0, 0, -1, -60, 0, 0, 0, 1],
"state3": [0.0902315752, 0.9915950285, -0.0927230404, 171.5524241657, -0.6915510439, 0.1293804443, 0.7106460823, 38.291183197, 0.7166696704, 0, 0.6974127784, 47.9396190734, 0, 0, 0, 1]
	}
},
{
	"name":"Block30",
	"matrixStates": { 
	"state0": [1, 0, 0, 15, 0, 1, 0, -15, 0, 0, 1, 75, 0, 0, 0, 1],
"state1": [0.6772815631, -0.7357239186, 0, -39.9079217191, -0.7357239186, -0.6772815631, 0, 43.3515603417, 0, 0, -1, -48, 0, 0, 0, 1],
"state2": [0.4999999957, -0.8660254063, 0, -19.5335984368, -0.8660254063, -0.4999999957, 0, 33.8331853364, 0, 0, -1, -60, 0, 0, 0, 1],
"state3": [0.4526985358, -0.8784317658, 0.1530413948, 133.7912134756, -0.8321648276, -0.4778677985, -0.2813255531, -24.6787635482, 0.3202588568, 0, -0.9473300717, 42.3312831949, 0, 0, 0, 1]
	}
},
{
	"name":"Block31",
	"matrixStates": { 
	"state0": [1, 0, 0, 15, 0, 1, 0, 0, 0, 0, 1, 75, 0, 0, 0, 1],
"state1": [0.8794737553, -0.4759473855, 0, -51.8218296411, -0.4759473855, -0.8794737553, 0, 28.0445711796, 0, 0, -1, -48, 0, 0, 0, 1],
"state2": [0.173648146, -0.9848077586, 0, -6.7839463647, -0.9848077586, -0.173648146, 0, 38.4736789197, 0, 0, -1, -60, 0, 0, 0, 1],
"state3": [0.7741499795, -0.4983360498, -0.3903242124, 20.5692705697, 0.4449757572, 0.8669839569, -0.2243555081, -3.6533475063, 0.4502092677, 0, 0.8929230735, -1.6370706421, 0, 0, 0, 1]
	}
},
{
	"name":"Block32",
	"matrixStates": { 
	"state0": [1, 0, 0, 15, 0, 1, 0, 15, 0, 0, 1, 75, 0, 0, 0, 1],
"state1": [0.9863613114, -0.1645945425, 0, -58.1200377341, -0.1645945425, -0.9863613114, 0, 9.6985160608, 0, 0, -1, -48, 0, 0, 0, 1],
"state2": [-0.173648151, -0.9848077577, 0, 6.7839465607, -0.9848077577, 0.173648151, 0, 38.4736788851, 0, 0, -1, -60.0, 0, 0, 0, 1],
"state3": [0.9039030399, 0.0327242986, -0.4264837802, -61.5478925067, -0.0295954438, 0.9994644167, 0.0139638614, -7.868509344, 0.4267123202, 0, 0.9043874146, 14.8173344153, 0, 0, 0, 1]
	}
},
{
	"name":"Block33",
	"matrixStates": { 
	"state0": [1, 0, 0, 15, 0, 1, 0, 30, 0, 0, 1, 75, 0, 0, 0, 1],
"state1": [0.9863613107, -0.1645945465, 0, -58.1200376951, 0.1645945465, 0.9863613107, 0, -9.698516295, 0, 0, 1, -48, 0, 0, 0, 1],
"state2": [-0.4999999952, -0.8660254066, 0, 19.5335984179, -0.8660254066, 0.4999999952, 0, 33.8331853472, 0, 0, -1.0, -60.0, 0, 0, 0, 1],
"state3": [-0.4351293921, 0.8494866133, -0.2983871746, -85.1294296867, 0.7005865563, 0.5276101722, 0.4804227131, 45.2211909037, 0.5655447721, 0, -0.8247175945, 22.1763810251, 0, 0, 0, 1]
	}
},
{
	"name":"Block34",
	"matrixStates": { 
	"state0": [1, 0, 0, 15, 0, 1, 0, 45, 0, 0, 1, 75, 0, 0, 0, 1],
"state1": [0.8794737505, -0.4759473944, 0, -51.8218293592, 0.4759473944, 0.8794737505, 0, -28.0445717006, 0, 0, 1, -48, 0, 0, 0, 1],
"state2": [-0.7660444453, -0.6427876071, 0, 29.9272094161, -0.6427876071, 0.7660444453, 0, 25.1119102113, 0, 0, -1, -60.0, 0, 0, 0, 1],
"state3": [-0.1597820129, 0.7966498222, 0.5829397646, 151.5696858058, -0.2105917502, -0.6044411144, 0.76831117, 15.3657641046, 0.9644277179, 0, 0.2643466983, 42.2754895081, 0, 0, 0, 1]
	}
},
{
	"name":"Block35",
	"matrixStates": { 
	"state0": [1, 0, 0, 30, 0, 1, 0, -45, 0, 0, 1, 75, 0, 0, 0, 1],
"state1": [0.6772815692, -0.7357239129, 0, -39.9079220804, 0.7357239129, 0.6772815692, 0, -43.3515600091, 0, 0, 1, -48, 0, 0, 0, 1],
"state2": [-0.9396926254, -0.3420201307, 0, 36.7111571134, -0.3420201307, 0.9396926254, 0, 13.3617678954, 0, 0, -1, -60.0, 0, 0, 0, 1],
"state3": [-0.8229487515, -0.4601921237, -0.3331344499, -221.5828903789, -0.4265671062, 0.8878193562, -0.1726768502, 32.6102328649, 0.3752277392, 0, -0.9269326533, 60.4173351063, 0, 0, 0, 1]
	}
},
{
	"name":"Block36",
	"matrixStates": { 
	"state0": [1, 0, 0, 30, 0, 1, 0, -30, 0, 0, 1, 75, 0, 0, 0, 1],
"state1": [0.4016954211, -0.9157733282, 0, -23.66937223, 0.9157733282, 0.4016954211, 0, -53.9607340409, 0, 0, 1, -48, 0, 0, 0, 1],
"state2": [-1, 0, 0, 39.3777623783, 0, -1, 0, 0, 0, 0, 1, -48.0, 0, 0, 0, 1],
"state3": [-0.4418929587, 0.8431766801, -0.3062412436, -47.5896899985, 0.6930217466, 0.5376365745, 0.4802788488, 35.3430150803, 0.5696064184, 0, -0.8219175921, 3.6572660055, 0, 0, 0, 1]
	}
},
{
	"name":"Block37",
	"matrixStates": { 
	"state0": [1, 0, 0, 30, 0, 1, 0, -15, 0, 0, 1, 75, 0, 0, 0, 1],
"state1": [0.0825793403, -0.9965844934, 0, -4.8658785792, 0.9965844934, 0.0825793403, 0, -58.7224252365, 0, 0, 1, -48.0, 0, 0, 0, 1],
"state2": [-0.9396926268, -0.3420201268, 0, 37.0029929666, -0.3420201268, 0.9396926268, 0, 13.4679872825, 0, 0, -1, -48, 0, 0, 0, 1],
"state3": [-0.8887175397, -0.351751421, -0.2940273327, -159.8039482921, -0.3339492005, 0.936093445, -0.1104852647, -17.1419383769, 0.3141004076, 0, -0.9493897692, 47.0979376871, 0, 0, 0, 1]
	}
},
{
	"name":"Block38",
	"matrixStates": { 
	"state0": [1, 0, 0, 30, 0, 1, 0, 0, 0, 0, 1, 75, 0, 0, 0, 1],
"state1": [-0.245485487, -0.969400266, 0, 14.4649081447, 0.969400266, -0.245485487, 0, -57.1206305319, 0, 0, 1, -48, 0, 0, 0, 1],
"state2": [-0.7660444814, -0.6427875641, 0, 30.1651175585, -0.6427875641, 0.7660444814, 0, 25.3115359591, 0, 0, -1.0, -48, 0, 0, 0, 1],
"state3": [0.8003956872, 0.3611833911, -0.4784488499, -110.2307683701, -0.3100174151, 0.9324948032, 0.1853176848, -23.300947341, 0.5130847359, 0, 0.8583379601, 33.6987884349, 0, 0, 0, 1]
	}
},
{
	"name":"Block39",
	"matrixStates": { 
	"state0": [1, 0, 0, 30, 0, 1, 0, 15, 0, 0, 1, 75, 0, 0, 0, 1],
"state1": [-0.5469481553, -0.8371664801, 0, 32.2281977803, 0.8371664801, -0.5469481553, 0, -49.3289293198, 0, 0, 1.0, -48, 0, 0, 0, 1],
"state2": [-0.4999999957, -0.8660254063, 0, 19.6888810193, -0.8660254063, 0.4999999957, 0, 34.1021426619, 0, 0, -1, -48, 0, 0, 0, 1],
"state3": [0.2405958061, 0.9314395652, 0.2730091471, 43.8892172897, 0.6158364513, -0.3638960515, 0.6988026394, 34.3225897008, 0.7502393773, 0, -0.6611663003, 1.0926951102, 0, 0, 0, 1]
	}
},
{
	"name":"Block40",
	"matrixStates": { 
	"state0": [1, 0, 0, 30, 0, 1, 0, 30, 0, 0, 1, 75, 0, 0, 0, 1],
"state1": [-0.7891405117, -0.6142127097, 0, 46.499062552, 0.6142127097, -0.7891405117, 0, -36.1916728238, 0, 0, 1, -48, 0, 0, 0, 1],
"state2": [-0.173648146, -0.9848077586, 0, 6.8378754303, -0.9848077586, 0.173648146, 0, 38.7795259064, 0, 0, -1.0, -48, 0, 0, 0, 1],
"state3": [0.3468378908, -0.9087863774, 0.2319715451, 214.4937712774, -0.7554049553, -0.4172616928, -0.5052286941, 9.9705712312, 0.5559377942, 0, -0.8312238982, 59.0307602131, 0, 0, 0, 1]
	}
},
{
	"name":"Block41",
	"matrixStates": { 
	"state0": [1, 0, 0, 30, 0, 1, 0, 45, 0, 0, 1, 75, 0, 0, 0, 1],
"state1": [-0.9458172497, -0.3246994458, 0, 55.7310324417, 0.3246994458, -0.9458172497, 0, -19.1324860639, 0, 0, 1.0, -48.0, 0, 0, 0, 1],
"state2": [0.173648151, -0.9848077577, 0, -6.8378756278, -0.9848077577, -0.173648151, 0, 38.7795258716, 0, 0, -1, -48.0, 0, 0, 0, 1],
"state3": [-0.1596316196, -0.2419912508, -0.9570569369, 7.1715312418, -0.0398127528, 0.9702784314, -0.2386937582, -18.1150597774, 0.9863735047, 0, -0.1645214553, -31.4022420121, 0, 0, 0, 1]
	}
},
{
	"name":"Block42",
	"matrixStates": { 
	"state0": [1, 0, 0, 45, 0, 1, 0, -45, 0, 0, 1, 75, 0, 0, 0, 1],
"state1": [-1, 0, 0, 66.9328021227, 0, -1, 0, 0, 0, 0, 1, -36, 0, 0, 0, 1],
"state2": [0.4999999952, -0.8660254066, 0, -19.6888810003, -0.8660254066, -0.4999999952, 0, 34.1021426729, 0, 0, -1, -48, 0, 0, 0, 1],
"state3": [0.3179128275, 0.8757984995, -0.363191991, -163.1196234658, -0.5768404874, 0.4826768984, 0.6589977723, 19.5105728063, 0.7524536439, 0, 0.6586452108, 46.0362771322, 0, 0, 0, 1]
	}
},
{
	"name":"Block43",
	"matrixStates": { 
	"state0": [1, 0, 0, 45, 0, 1, 0, -30, 0, 0, 1, 75, 0, 0, 0, 1],
"state1": [-0.959492984, -0.2817325216, 0, 64.221554034, -0.2817325216, 0.959492984, 0, 18.8571471189, 0, 0, -1, -36, 0, 0, 0, 1],
"state2": [0.7660444453, -0.6427876071, 0, -30.1651161377, -0.6427876071, -0.7660444453, 0, 25.3115376523, 0, 0, -1, -48, 0, 0, 0, 1],
"state3": [-0.4083623188, 0.9083461845, 0.0902630917, -132.0642160637, -0.8869378779, -0.4182190922, 0.1960458918, -22.745530994, 0.2158272861, 0, 0.9764315555, 43.3965443458, 0, 0, 0, 1]
	}
},
{
	"name":"Block44",
	"matrixStates": { 
	"state0": [1, 0, 0, 45, 0, 1, 0, -15, 0, 0, 1, 75, 0, 0, 0, 1],
"state1": [-0.8412535353, -0.5406408137, 0, 56.307456411, -0.5406408137, 0.8412535353, 0, 36.1866046006, 0, 0, -1, -36, 0, 0, 0, 1],
"state2": [0.9396926254, -0.3420201307, 0, -37.0029929112, -0.3420201307, -0.9396926254, 0, 13.4679874346, 0, 0, -1, -48, 0, 0, 0, 1],
"state3": [0.0166184061, 0.9996924533, -0.0184072669, 196.3246238138, -0.6699133214, 0.0247991713, 0.7420250285, 18.7861945502, 0.742253306, 0, 0.6701194145, 52.6879051599, 0, 0, 0, 1]
	}
},
{
	"name":"Block45",
	"matrixStates": { 
	"state0": [1, 0, 0, 45, 0, 1, 0, 0, 0, 0, 1, 75, 0, 0, 0, 1],
"state1": [-0.6548607132, -0.7557495924, 0, 43.8316625317, -0.7557495924, 0.6548607132, 0, 50.5844379202, 0, 0, -1, -36, 0, 0, 0, 1],
"state2": [1, 0, 0, -39.3777623783, 0, 1, 0, 0, 0, 0, 1, -48.0, 0, 0, 0, 1],
"state3": [-0.7363931406, -0.3938969011, 0.5500639724, 4.2716053122, 0.3155758205, -0.9191546286, -0.235725837, 49.7578073988, 0.598445523, 0, 0.8011635014, -3.6786579978, 0, 0, 0, 1]
	}
},
{
	"name":"Block46",
	"matrixStates": { 
	"state0": [1, 0, 0, 45, 0, 1, 0, 15, 0, 0, 1, 75, 0, 0, 0, 1],
"state1": [-0.4154150096, -0.9096319969, 0, 27.8048906335, -0.9096319969, 0.4154150096, 0, 60.8842184549, 0, 0, -1, -36, 0, 0, 0, 1],
"state2": [0.9396926268, -0.3420201268, 0, -37.0029929666, 0.3420201268, 0.9396926268, 0, -13.4679872825, 0, 0, 1, -48, 0, 0, 0, 1],
"state3": [0.7141502661, -0.5840836875, -0.3857922284, 60.5915960678, 0.5138929287, 0.8116934434, -0.2776109, -27.8429469775, 0.4752930204, 0, 0.8798275653, 13.8428681651, 0, 0, 0, 1]
	}
},
{
	"name":"Block47",
	"matrixStates": { 
	"state0": [1, 0, 0, 45, 0, 1, 0, 30, 0, 0, 1, 75, 0, 0, 0, 1],
"state1": [-0.1423148353, -0.9898214423, 0, 9.5255307082, -0.9898214423, 0.1423148353, 0, 66.2515227352, 0, 0, -1, -36, 0, 0, 0, 1],
"state2": [0.7660444814, -0.6427875641, 0, -30.1651175585, 0.6427875641, 0.7660444814, 0, -25.3115359591, 0, 0, 1, -48, 0, 0, 0, 1],
"state3": [0.0695971096, -0.297082653, -0.952311997, -13.8873136563, 0.0216537212, 0.9548517672, -0.2962924554, -11.6608418077, 0.9973401419, 0, 0.072887868, -36.3054930412, 0, 0, 0, 1]
	}
},
{
	"name":"Block48",
	"matrixStates": { 
	"state0": [1, 0, 0, 45, 0, 1, 0, 45, 0, 0, 1, 75, 0, 0, 0, 1],
"state1": [0.1423148374, -0.989821442, 0, -9.5255308536, -0.989821442, -0.1423148374, 0, 66.2515227142, 0, 0, -1, -36, 0, 0, 0, 1],
"state2": [0.4999999957, -0.8660254063, 0, -19.6888810193, 0.8660254063, 0.4999999957, 0, -34.1021426619, 0, 0, 1, -48.0, 0, 0, 0, 1],
"state3": [-0.1879293076, 0.7373799602, 0.6488091935, 97.3299637354, -0.2051514113, -0.6754781967, 0.7082669724, 9.806222163, 0.960518336, 0, 0.2782166894, 28.4070927677, 0, 0, 0, 1]
	}
},
{
	"name":"Block49",
	"matrixStates": { 
	"state0": [1, 0, 0, -45, 0, 1, 0, -45, 0, 0, 1, 60, 0, 0, 0, 1],
"state1": [0.4154149923, -0.9096320048, 0, -27.8048894796, -0.9096320048, -0.4154149923, 0, 60.8842189818, 0, 0, -1, -36, 0, 0, 0, 1],
"state2": [0.173648146, -0.9848077586, 0, -6.8378754303, 0.9848077586, 0.173648146, 0, -38.7795259064, 0, 0, 1, -48.0, 0, 0, 0, 1],
"state3": [0.8128943952, -0.3717434161, 0.4483408689, 76.4084353109, -0.325516081, -0.9283355172, -0.1795339757, 11.3458176033, 0.4829513259, 0, -0.8756471988, 17.6807258372, 0, 0, 0, 1]
	}
},
{
	"name":"Block50",
	"matrixStates": { 
	"state0": [1, 0, 0, -45, 0, 1, 0, -30, 0, 0, 1, 60, 0, 0, 0, 1],
"state1": [0.6548606961, -0.7557496071, 0, -43.8316613923, -0.7557496071, -0.6548606961, 0, 50.5844389075, 0, 0, -1, -36, 0, 0, 0, 1],
"state2": [-0.173648151, -0.9848077577, 0, 6.8378756278, 0.9848077577, -0.173648151, 0, -38.7795258716, 0, 0, 1, -48, 0, 0, 0, 1],
"state3": [-0.9198049496, 0.1612461635, 0.3577129148, -7.9681335449, -0.1502815711, -0.9869142185, 0.0584446288, -29.4896294257, 0.3624559339, 0, 0.9320009098, -42.9870033649, 0, 0, 0, 1]
	}
},
{
	"name":"Block51",
	"matrixStates": { 
	"state0": [1, 0, 0, -45, 0, 1, 0, -15, 0, 0, 1, 60, 0, 0, 0, 1],
"state1": [0.8412535376, -0.5406408101, 0, -56.3074565643, -0.5406408101, -0.8412535376, 0, 36.1866043621, 0, 0, -1, -36, 0, 0, 0, 1],
"state2": [-0.4999999952, -0.8660254066, 0, 19.6888810003, 0.8660254066, -0.4999999952, 0, -34.1021426729, 0, 0, 1, -48, 0, 0, 0, 1],
"state3": [-0.2891809796, -0.1746818176, -0.9412016913, 5.129635078, -0.051303453, 0.984624935, -0.1669781216, 0.9449222396, 0.9558986958, 0, -0.2936965837, -29.6689514023, 0, 0, 0, 1]
	}
},
{
	"name":"Block52",
	"matrixStates": { 
	"state0": [1, 0, 0, -45, 0, 1, 0, 0, 0, 0, 1, 60, 0, 0, 0, 1],
"state1": [0.959492991, -0.2817324977, 0, -64.2215545034, -0.2817324977, -0.959492991, 0, 18.8571455202, 0, 0, -1, -36, 0, 0, 0, 1],
"state2": [-0.7660444453, -0.6427876071, 0, 30.1651161377, 0.6427876071, -0.7660444453, 0, -25.3115376523, 0, 0, 1, -48, 0, 0, 0, 1],
"state3": [-0.6081341192, -0.7370832936, -0.2947560199, -217.6962673577, -0.6632794234, 0.6758019075, -0.3214843515, 12.8771533198, 0.4361574251, 0, -0.8998703798, 58.5737384861, 0, 0, 0, 1]
	}
},
{
	"name":"Block53",
	"matrixStates": { 
	"state0": [1, 0, 0, -45, 0, 1, 0, 15, 0, 0, 1, 60, 0, 0, 0, 1],
"state1": [1, 0, 0, -66.9328021227, 0, -1, 0, 0, 0, 0, -1, -36, 0, 0, 0, 1],
"state2": [-0.9396926254, -0.3420201307, 0, 37.0029929112, 0.3420201307, -0.9396926254, 0, -13.4679874346, 0, 0, 1, -48, 0, 0, 0, 1],
"state3": [-0.5281520989, 0.3040072619, -0.7928650232, -89.6159535046, 0.1685390761, 0.9526697144, 0.2530118478, 1.3988960509, 0.8322559343, 0, -0.5543916123, 23.7489151511, 0, 0, 0, 1]
	}
},
{
	"name":"Block54",
	"matrixStates": { 
	"state0": [1, 0, 0, -45, 0, 1, 0, 30, 0, 0, 1, 60, 0, 0, 0, 1],
"state1": [0.959492984, -0.2817325216, 0, -64.221554034, 0.2817325216, 0.959492984, 0, -18.8571471189, 0, 0, 1, -36, 0, 0, 0, 1],
"state2": [-1, 0, 0, 40.1592603198, 0, 1, 0, 0, 0, 0, -1, -36, 0, 0, 0, 1],
"state3": [0.6637611926, 0.3304608317, 0.6709819058, 0.6178882163, 0.2324035768, -0.9438197067, 0.2349317746, 35.8215832086, 0.7109216951, 0, -0.7032711734, -21.5363809052, 0, 0, 0, 1]
	}
},
{
	"name":"Block55",
	"matrixStates": { 
	"state0": [1, 0, 0, -45, 0, 1, 0, 45, 0, 0, 1, 60, 0, 0, 0, 1],
"state1": [0.8412535353, -0.5406408137, 0, -56.307456411, 0.5406408137, 0.8412535353, 0, -36.1866046006, 0, 0, 1, -36, 0, 0, 0, 1],
"state2": [-0.9396926268, -0.3420201268, 0, 37.73736082, 0.3420201268, -0.9396926268, 0, -13.7352753075, 0, 0, 1, -36, 0, 0, 0, 1],
"state3": [0.4473726348, -0.8794538162, 0.1625383364, 24.0199323305, -0.8265895127, -0.4759842279, -0.3003144891, -31.6607400347, 0.3414784081, 0, -0.9398896195, -5.900276883, 0, 0, 0, 1]
	}
},
{
	"name":"Block56",
	"matrixStates": { 
	"state0": [1, 0, 0, -30, 0, 1, 0, -45, 0, 0, 1, 60, 0, 0, 0, 1],
"state1": [0.6548607132, -0.7557495924, 0, -43.8316625317, 0.7557495924, 0.6548607132, 0, -50.5844379202, 0, 0, 1, -36, 0, 0, 0, 1],
"state2": [-0.7660444814, -0.6427875641, 0, 30.7637797438, 0.6427875641, -0.7660444814, 0, -25.8138731172, 0, 0, 1, -36, 0, 0, 0, 1],
"state3": [-0.9528274518, -0.1278022159, 0.275293372, 13.2582298661, 0.1227802981, -0.9917996741, -0.0354740013, -66.7645961323, 0.2775695326, 0, 0.9607055504, -14.215976209, 0, 0, 0, 1]
	}
},
{
	"name":"Block57",
	"matrixStates": { 
	"state0": [1, 0, 0, -30, 0, 1, 0, -30, 0, 0, 1, 60, 0, 0, 0, 1],
"state1": [0.4154150096, -0.9096319969, 0, -27.8048906335, 0.9096319969, 0.4154150096, 0, -60.8842184549, 0, 0, 1, -36, 0, 0, 0, 1],
"state2": [-0.4999999957, -0.8660254063, 0, 20.0796299867, 0.8660254063, -0.4999999957, 0, -34.7789397342, 0, 0, 1, -36, 0, 0, 0, 1],
"state3": [-0.1763310334, -0.9839059412, 0.0289217126, 2.3898342677, 0.9709324261, -0.1786871534, -0.1592517664, 15.2535922005, 0.1618566976, 0, 0.986814273, -0.9585103836, 0, 0, 0, 1]
	}
},
{
	"name":"Block58",
	"matrixStates": { 
	"state0": [1, 0, 0, -30, 0, 1, 0, -15, 0, 0, 1, 60, 0, 0, 0, 1],
"state1": [0.1423148353, -0.9898214423, 0, -9.5255307082, 0.9898214423, 0.1423148353, 0, -66.2515227352, 0, 0, 1, -36, 0, 0, 0, 1],
"state2": [-0.173648146, -0.9848077586, 0, 6.973581099, 0.9848077586, -0.173648146, 0, -39.5491511425, 0, 0, 1, -36, 0, 0, 0, 1],
"state3": [-0.8660593196, -0.4327884788, -0.2502706286, -83.5069353819, -0.4157763365, 0.9014954979, -0.1201495126, 23.5267866358, 0.2776171697, 0, -0.9606917857, 19.8238906212, 0, 0, 0, 1]
	}
},
{
	"name":"Block59",
	"matrixStates": { 
	"state0": [1, 0, 0, -30, 0, 1, 0, 0, 0, 0, 1, 60, 0, 0, 0, 1],
"state1": [-0.1423148374, -0.989821442, 0, 9.5255308536, 0.989821442, -0.1423148374, 0, -66.2515227142, 0, 0, 1, -36, 0, 0, 0, 1],
"state2": [0.173648151, -0.9848077577, 0, -6.9735813004, 0.9848077577, 0.173648151, 0, -39.549151107, 0, 0, 1, -36, 0, 0, 0, 1],
"state3": [-0.0327438569, 0.9973707332, 0.0646487464, 221.7740662288, -0.450650423, -0.072468066, 0.8897542221, 35.0390989539, 0.8920997904, 0, 0.4518384268, 60.7563438124, 0, 0, 0, 1]
	}
},
{
	"name":"Block60",
	"matrixStates": { 
	"state0": [1, 0, 0, -30, 0, 1, 0, 15, 0, 0, 1, 60, 0, 0, 0, 1],
"state1": [-0.4154149923, -0.9096320048, 0, 27.8048894796, 0.9096320048, -0.4154149923, 0, -60.8842189818, 0, 0, 1, -36, 0, 0, 0, 1],
"state2": [0.4999999952, -0.8660254066, 0, -20.0796299673, 0.8660254066, 0.4999999952, 0, -34.7789397454, 0, 0, 1, -36, 0, 0, 0, 1],
"state3": [0.8893403794, 0.0846248358, 0.4493465553, 71.2442826363, 0.0755312228, -0.9964128849, 0.0381627727, -8.8412510426, 0.4509642159, 0, -0.8925420304, 17.4853859015, 0, 0, 0, 1]
	}
},
{
	"name":"Block61",
	"matrixStates": { 
	"state0": [1, 0, 0, -30, 0, 1, 0, 30, 0, 0, 1, 60, 0, 0, 0, 1],
"state1": [-0.6548606961, -0.7557496071, 0, 43.8316613923, 0.7557496071, -0.6548606961, 0, -50.5844389075, 0, 0, 1, -36, 0, 0, 0, 1],
"state2": [0.7660444453, -0.6427876071, 0, -30.7637782948, 0.6427876071, 0.7660444453, 0, -25.8138748441, 0, 0, 1, -36, 0, 0, 0, 1],
"state3": [-0.8915496025, -0.135456351, 0.4321931088, 31.5822505201, 0.1218894728, -0.9907833148, -0.059087896, -17.6371977293, 0.4362135518, 0, 0.8998431737, -1.2111574768, 0, 0, 0, 1]
	}
},
{
	"name":"Block62",
	"matrixStates": { 
	"state0": [1, 0, 0, -30, 0, 1, 0, 45, 0, 0, 1, 60, 0, 0, 0, 1],
"state1": [-0.8412535376, -0.5406408101, 0, 56.3074565643, 0.5406408101, -0.8412535376, 0, -36.1866043621, 0, 0, 1.0, -36, 0, 0, 0, 1],
"state2": [0.9396926254, -0.3420201307, 0, -37.7373607636, 0.3420201307, 0.9396926254, 0, -13.7352754627, 0, 0, 1, -36, 0, 0, 0, 1],
"state3": [-0.5675241527, 0.7817753424, -0.2583479247, -202.6446102586, 0.7115213477, 0.6235601928, 0.3238982212, 36.8051955479, 0.4143111245, 0, -0.9101353153, 55.0031726745, 0, 0, 0, 1]
	}
},
{
	"name":"Block63",
	"matrixStates": { 
	"state0": [1, 0, 0, -15, 0, 1, 0, -45, 0, 0, 1, 60, 0, 0, 0, 1],
"state1": [-0.959492991, -0.2817324977, 0, 64.2215545034, 0.2817324977, -0.959492991, 0, -18.8571455202, 0, 0, 1, -36, 0, 0, 0, 1],
"state2": [1, 0, 0, -40.1592603198, 0, -1, 0, 0, 0, 0, -1, -36, 0, 0, 0, 1],
"state3": [0.6576316301, -0.4967743268, -0.5663355078, -13.5632626633, 0.3764283112, 0.8678797545, -0.3241704155, -9.3400533436, 0.6525506614, 0, 0.7577450985, -7.6279325731, 0, 0, 0, 1]
	}
},
{
	"name":"Block64",
	"matrixStates": { 
	"state0": [1, 0, 0, -15, 0, 1, 0, -30, 0, 0, 1, 60, 0, 0, 0, 1],
"state1": [-1, 0, 0, 72.1110255093, 0, -1, 0, 0, 0, 0, 1, -24, 0, 0, 0, 1],
"state2": [0.9396926268, -0.3420201268, 0, -37.73736082, -0.3420201268, -0.9396926268, 0, 13.7352753075, 0, 0, -1, -36, 0, 0, 0, 1],
"state3": [0.2401919341, 0.844101608, 0.479374916, 19.4264568531, 0.37812893, -0.5361832479, 0.7546694885, 36.7961157289, 0.8940505283, 0, -0.4479661292, -7.8629933303, 0, 0, 0, 1]
	}
},
{
	"name":"Block65",
	"matrixStates": { 
	"state0": [1, 0, 0, -15, 0, 1, 0, -15, 0, 0, 1, 60, 0, 0, 0, 1],
"state1": [-0.9629173015, -0.2697967206, 0, 69.4369540929, -0.2697967206, 0.9629173015, 0, 19.4553182008, 0, 0, -1.0, -24.0, 0, 0, 0, 1],
"state2": [0.7660444814, -0.6427875641, 0, -30.7637797438, -0.6427875641, -0.7660444814, 0, 25.8138731172, 0, 0, -1, -36, 0, 0, 0, 1],
"state3": [-0.685728447, 0.4277943562, -0.5888705171, -22.1735946518, 0.3245475372, 0.9038760915, 0.2787057718, -39.6543748607, 0.6514947376, 0, -0.7586531532, -16.3782083472, 0, 0, 0, 1]
	}
},
{
	"name":"Block66",
	"matrixStates": { 
	"state0": [1, 0, 0, -15, 0, 1, 0, 0, 0, 0, 1, 60, 0, 0, 0, 1],
"state1": [-0.8544194085, -0.5195839436, 0, 61.6130597595, -0.5195839436, 0.8544194085, 0, 37.4677310105, 0, 0, -1, -24.0, 0, 0, 0, 1],
"state2": [0.4999999957, -0.8660254063, 0, -20.0796299867, -0.8660254063, -0.4999999957, 0, 34.7789397342, 0, 0, -1, -36, 0, 0, 0, 1],
"state3": [-0.5842094626, -0.5718808267, -0.5758920245, -61.3081041508, -0.4072695831, 0.8203367114, -0.4014712525, -27.1041572503, 0.7020190813, 0, -0.7121581352, 13.941419485, 0, 0, 0, 1]
	}
},
{
	"name":"Block67",
	"matrixStates": { 
	"state0": [1, 0, 0, -15, 0, 1, 0, 15, 0, 0, 1, 60, 0, 0, 0, 1],
"state1": [-0.6825531404, -0.7308359669, 0, 49.2196069192, -0.7308359669, 0.6825531404, 0, 52.7013310526, 0, 0, -1, -24, 0, 0, 0, 1],
"state2": [0.173648146, -0.9848077586, 0, -6.973581099, -0.9848077586, -0.173648146, 0, 39.5491511425, 0, 0, -1, -36, 0, 0, 0, 1],
"state3": [-0.8199307299, -0.3157353979, -0.4775193784, -177.8830993982, -0.2728375377, 0.9488472788, -0.1588978272, -9.8055846213, 0.5032626314, 0, -0.8641335104, 51.6439488255, 0, 0, 0, 1]
	}
},
{
	"name":"Block68",
	"matrixStates": { 
	"state0": [1, 0, 0, -15, 0, 1, 0, 30, 0, 0, 1, 60, 0, 0, 0, 1],
"state1": [-0.4600650271, -0.8878852239, 0, 33.1757609079, -0.8878852239, 0.4600650271, 0, 64.0263140293, 0, 0, -1, -24, 0, 0, 0, 1],
"state2": [-0.173648151, -0.9848077577, 0, 6.9735813004, -0.9848077577, 0.173648151, 0, 39.549151107, 0, 0, -1, -36, 0, 0, 0, 1],
"state3": [-0.7957641947, -0.56162904, 0.2265660342, -128.1524453338, 0.5401621178, -0.8273891596, -0.1537922787, 23.2329772435, 0.2738324905, 0, 0.9617774, 40.6548963413, 0, 0, 0, 1]
	}
},
{
	"name":"Block69",
	"matrixStates": { 
	"state0": [1, 0, 0, -15, 0, 1, 0, 45, 0, 0, 1, 60, 0, 0, 0, 1],
"state1": [-0.203456008, -0.9790840887, 0, 14.671421386, -0.9790840887, 0.203456008, 0, 70.6027576977, 0, 0, -1, -24, 0, 0, 0, 1],
"state2": [-0.4999999952, -0.8660254066, 0, 20.0796299673, -0.8660254066, 0.4999999952, 0, 34.7789397454, 0, 0, -1, -36, 0, 0, 0, 1],
"state3": [-0.9639045519, 0.1106152202, -0.2421823442, -178.5503290987, 0.107280864, 0.993863307, 0.0269544646, 10.0439501099, 0.2436777195, 0, -0.969856262, 48.1813026906, 0, 0, 0, 1]
	}
},
{
	"name":"Block70",
	"matrixStates": { 
	"state0": [1, 0, 0, 0, 0, 1, 0, -45, 0, 0, 1, 60, 0, 0, 0, 1],
"state1": [0.0682424109, -0.9976687694, 0, -4.9210302313, -0.9976687694, -0.0682424109, 0, 71.9429180772, 0, 0, -1, -24, 0, 0, 0, 1],
"state2": [-0.7660444453, -0.6427876071, 0, 30.7637782948, -0.6427876071, 0.7660444453, 0, 25.8138748441, 0, 0, -1, -36, 0, 0, 0, 1],
"state3": [0.1275702203, -0.9911542674, 0.0365931282, 166.7316868469, -0.9527329903, -0.1327147999, -0.2732885492, 8.0657726054, 0.2757275614, 0, -0.9612358253, 47.968914852, 0, 0, 0, 1]
	}
},
{
	"name":"Block71",
	"matrixStates": { 
	"state0": [1, 0, 0, 0, 0, 1, 0, -30, 0, 0, 1, 60, 0, 0, 0, 1],
"state1": [0.3348796129, -0.9422609219, 0, -24.1485123088, -0.9422609219, -0.3348796129, 0, 67.9474013725, 0, 0, -1, -24, 0, 0, 0, 1],
"state2": [-0.9396926254, -0.3420201307, 0, 37.7373607636, -0.3420201307, 0.9396926254, 0, 13.7352754627, 0, 0, -1, -36, 0, 0, 0, 1],
"state3": [-0.8539442573, 0.5035040634, -0.1313882166, -22.4560503964, 0.4976480994, 0.8639928577, 0.0765683424, -26.2459877988, 0.1520709522, 0, -0.9883695794, -6.1619915957, 0, 0, 0, 1]
	}
},
{
	"name":"Block72",
	"matrixStates": { 
	"state0": [1, 0, 0, 0, 0, 1, 0, -15, 0, 0, 1, 60, 0, 0, 0, 1],
"state1": [0.5766803229, -0.8169698925, 0, -41.5850094736, -0.8169698925, -0.5766803229, 0, 58.9125367565, 0, 0, -1, -24.0, 0, 0, 0, 1],
